-1 -1 22.76 64.34 73.61 -1 -1 -1 70.74 -1 -1 56.66 57.46 -1 -1 -1 -1 92.66 -1 91.7 -1 77.39 49.66 58.91 -1 52.15 97.13 44.95 53.73 62.06 
-1 -1 -1 90.07 32.82 -1 24.51 -1 27.25 74.35 66.89 -1 -1 42.41 -1 35.41 89.8 73.04 -1 55.17 41.24 52.88 73.93 -1 -1 -1 39.86 -1 30.48 46.15 
22.76 -1 -1 22.19 74.53 35.05 34.6 63.48 57.07 53.42 90.94 49.96 -1 -1 -1 -1 -1 98.78 -1 58.83 -1 55.54 -1 -1 79.79 -1 96.79 -1 82.99 37.8 
64.34 90.07 22.19 -1 -1 -1 71.48 42.04 -1 -1 -1 -1 81.18 68.17 64.16 -1 41.52 62.92 64.44 -1 -1 95.46 -1 -1 -1 -1 72.58 88.31 -1 33.82 
73.61 32.82 74.53 -1 -1 -1 28.56 75.51 92.23 -1 -1 68.37 41.28 86.53 -1 32.12 -1 -1 -1 -1 95.28 -1 -1 70.72 -1 93.19 37.79 -1 49.17 48.72 
-1 -1 35.05 -1 -1 -1 85.01 54.59 75.38 52.93 25.69 86.04 35.13 51.67 34.41 92.85 58.05 -1 -1 25.5 -1 47.14 -1 69.9 20.97 78.78 92.53 -1 46.61 47.94 
-1 24.51 34.6 71.48 28.56 85.01 -1 52.32 -1 -1 84.36 75.49 -1 58.73 -1 72.16 29.26 -1 -1 57.78 63.16 -1 -1 -1 65.44 36.63 38.77 -1 -1 28.0 
-1 -1 63.48 42.04 75.51 54.59 52.32 -1 30.78 -1 63.61 64.61 21.62 -1 -1 30.02 -1 37.07 -1 -1 53.55 31.57 53.78 25.83 87.93 75.44 -1 -1 21.37 -1 
70.74 27.25 57.07 -1 92.23 75.38 -1 30.78 -1 -1 -1 61.07 -1 43.15 -1 52.32 100.26 -1 -1 -1 -1 -1 -1 70.09 68.95 85.47 -1 67.06 -1 83.99 
-1 74.35 53.42 -1 -1 52.93 -1 -1 -1 -1 -1 -1 76.4 57.38 -1 -1 20.21 84.96 -1 36.79 -1 43.16 63.19 33.5 -1 -1 65.23 -1 77.72 30.32 
-1 66.89 90.94 -1 -1 25.69 84.36 63.61 -1 -1 -1 27.93 -1 -1 -1 75.64 39.13 -1 -1 -1 93.85 -1 -1 75.14 -1 93.09 -1 27.28 -1 88.49 
56.66 -1 49.96 -1 68.37 86.04 75.49 64.61 61.07 -1 27.93 -1 37.3 41.27 48.62 78.21 77.8 35.87 75.81 -1 55.99 44.37 53.01 -1 -1 -1 -1 80.68 57.2 -1 
57.46 -1 -1 81.18 41.28 35.13 -1 21.62 -1 76.4 -1 37.3 -1 40.32 41.89 25.8 -1 -1 53.9 -1 20.81 65.93 -1 -1 95.08 50.64 24.12 44.77 -1 -1 
-1 42.41 -1 68.17 86.53 51.67 58.73 -1 43.15 57.38 -1 41.27 40.32 -1 -1 98.23 -1 -1 -1 90.16 -1 35.47 74.54 30.93 97.33 -1 93.61 66.48 27.07 42.75 
-1 -1 -1 64.16 -1 34.41 -1 -1 -1 -1 -1 48.62 41.89 -1 -1 33.3 -1 -1 -1 30.22 -1 -1 75.46 54.51 74.73 -1 -1 74.75 -1 88.08 
-1 35.41 -1 -1 32.12 92.85 72.16 30.02 52.32 -1 75.64 78.21 25.8 98.23 33.3 -1 72.28 54.09 36.6 70.86 -1 -1 37.52 -1 -1 22.96 -1 -1 31.0 -1 
-1 89.8 -1 41.52 -1 58.05 29.26 -1 100.26 20.21 39.13 77.8 -1 -1 -1 72.28 -1 39.4 -1 -1 -1 39.45 -1 -1 -1 29.92 89.0 78.28 -1 -1 
92.66 73.04 98.78 62.92 -1 -1 -1 37.07 -1 84.96 -1 35.87 -1 -1 -1 54.09 39.4 -1 -1 -1 -1 31.83 -1 -1 72.53 -1 51.06 -1 92.36 52.57 
-1 -1 -1 64.44 -1 -1 -1 -1 -1 -1 -1 75.81 53.9 -1 -1 36.6 -1 -1 -1 -1 -1 56.89 23.58 -1 -1 71.63 -1 -1 -1 -1 
91.7 55.17 58.83 -1 -1 25.5 57.78 -1 -1 36.79 -1 -1 -1 90.16 30.22 70.86 -1 -1 -1 -1 57.84 -1 89.37 -1 56.96 -1 -1 30.85 24.44 -1 
-1 41.24 -1 -1 95.28 -1 63.16 53.55 -1 -1 93.85 55.99 20.81 -1 -1 -1 -1 -1 -1 57.84 -1 -1 -1 -1 56.01 36.77 -1 87.5 -1 -1 
77.39 52.88 55.54 95.46 -1 47.14 -1 31.57 -1 43.16 -1 44.37 65.93 35.47 -1 -1 39.45 31.83 56.89 -1 -1 -1 72.41 -1 -1 23.78 -1 -1 47.62 73.62 
49.66 73.93 -1 -1 -1 -1 -1 53.78 -1 63.19 -1 53.01 -1 74.54 75.46 37.52 -1 -1 23.58 89.37 -1 72.41 -1 -1 73.59 52.04 39.75 -1 -1 -1 
58.91 -1 -1 -1 70.72 69.9 -1 25.83 70.09 33.5 75.14 -1 -1 30.93 54.51 -1 -1 -1 -1 -1 -1 -1 -1 -1 -1 -1 28.49 -1 -1 -1 
-1 -1 79.79 -1 -1 20.97 65.44 87.93 68.95 -1 -1 -1 95.08 97.33 74.73 -1 -1 72.53 -1 56.96 56.01 -1 73.59 -1 -1 82.65 36.87 85.92 83.52 -1 
52.15 -1 -1 -1 93.19 78.78 36.63 75.44 85.47 -1 93.09 -1 50.64 -1 -1 22.96 29.92 -1 71.63 -1 36.77 23.78 52.04 -1 82.65 -1 -1 -1 21.02 83.78 
97.13 39.86 96.79 72.58 37.79 92.53 38.77 -1 -1 65.23 -1 -1 24.12 93.61 -1 -1 89.0 51.06 -1 -1 -1 -1 39.75 28.49 36.87 -1 -1 -1 73.55 48.24 
44.95 -1 -1 88.31 -1 -1 -1 -1 67.06 -1 27.28 80.68 44.77 66.48 74.75 -1 78.28 -1 -1 30.85 87.5 -1 -1 -1 85.92 -1 -1 -1 -1 -1 
53.73 30.48 82.99 -1 49.17 46.61 -1 21.37 -1 77.72 -1 57.2 -1 27.07 -1 31.0 -1 92.36 -1 24.44 -1 47.62 -1 -1 83.52 21.02 73.55 -1 -1 48.38 
62.06 46.15 37.8 33.82 48.72 47.94 28.0 -1 83.99 30.32 88.49 -1 -1 42.75 88.08 -1 -1 52.57 -1 -1 -1 73.62 -1 -1 -1 83.78 48.24 -1 48.38 -1 
